STATIONS_ID;MESS_DATUM;  QN;FF_10;DD_10;eor
       4928;202001190000;    2;   3.0; 290;eor
       4928;202001190010;    2;   3.0; 280;eor
       4928;202001190020;    2;   2.9; 280;eor
       4928;202001190030;    2;   3.1; 270;eor
       4928;202001190040;    2;   2.2; 280;eor
       4928;202001190050;    2;   1.6; 280;eor
       4928;202001190100;    2;   1.3; 300;eor
       4928;202001190110;    2;   1.3; 290;eor
       4928;202001190120;    2;   2.6; 290;eor
       4928;202001190130;    2;   2.2; 290;eor
       4928;202001190140;    2;   2.3; 290;eor
       4928;202001190150;    2;   2.3; 290;eor
       4928;202001190200;    2;   1.4; 280;eor
       4928;202001190210;    2;   1.5; 280;eor
       4928;202001190220;    2;   2.0; 270;eor
       4928;202001190230;    2;   2.7; 280;eor
       4928;202001190240;    2;   2.9; 270;eor
       4928;202001190250;    2;   2.7; 280;eor
       4928;202001190300;    2;   2.6; 280;eor
       4928;202001190310;    2;   2.3; 280;eor
       4928;202001190320;    2;   2.5; 270;eor
       4928;202001190330;    2;   1.9; 270;eor
       4928;202001190340;    2;   1.7; 270;eor
       4928;202001190350;    2;   1.9; 290;eor
       4928;202001190400;    2;   1.5; 290;eor
       4928;202001190410;    2;   3.0; 300;eor
       4928;202001190420;    2;   2.9; 300;eor
       4928;202001190430;    2;   3.0; 300;eor
       4928;202001190440;    2;   3.4; 300;eor
       4928;202001190450;    2;   3.1; 310;eor
       4928;202001190500;    2;   3.4; 300;eor
       4928;202001190510;    2;   3.2; 300;eor
       4928;202001190520;    2;   3.7; 300;eor
       4928;202001190530;    2;   4.3; 300;eor
       4928;202001190540;    2;   4.3; 300;eor
       4928;202001190550;    2;   4.3; 300;eor
       4928;202001190600;    2;   3.6; 300;eor
       4928;202001190610;    2;   3.6; 300;eor
       4928;202001190620;    2;   3.9; 300;eor
       4928;202001190630;    2;   3.9; 290;eor
       4928;202001190640;    2;   3.4; 300;eor
       4928;202001190650;    2;   3.5; 300;eor
       4928;202001190700;    2;   3.6; 300;eor
       4928;202001190710;    2;   3.7; 300;eor
       4928;202001190720;    2;   3.9; 300;eor
       4928;202001190730;    2;   3.8; 300;eor
       4928;202001190740;    2;   4.2; 300;eor
       4928;202001190750;    2;   4.4; 310;eor
       4928;202001190800;    2;   3.8; 300;eor
       4928;202001190810;    2;   3.7; 300;eor
       4928;202001190820;    2;   3.4; 300;eor
       4928;202001190830;    2;   3.5; 290;eor
       4928;202001190840;    2;   3.0; 300;eor
       4928;202001190850;    2;   3.4; 300;eor
       4928;202001190900;    2;   3.5; 300;eor
       4928;202001190910;    2;   3.4; 300;eor
       4928;202001190920;    2;   3.5; 310;eor
       4928;202001190930;    2;   4.1; 310;eor
       4928;202001190940;    2;   3.4; 310;eor
       4928;202001190950;    2;   3.5; 310;eor
       4928;202001191000;    2;   3.6; 310;eor
       4928;202001191010;    2;   3.0; 310;eor
       4928;202001191020;    2;   2.1; 320;eor
       4928;202001191030;    2;   1.9; 340;eor
       4928;202001191040;    2;   2.4; 340;eor
       4928;202001191050;    2;   2.4; 350;eor
       4928;202001191100;    2;   2.6; 320;eor
       4928;202001191110;    2;   2.7; 310;eor
       4928;202001191120;    2;   3.1; 310;eor
       4928;202001191130;    2;   2.6; 310;eor
       4928;202001191140;    2;   3.0; 330;eor
       4928;202001191150;    2;   3.2; 320;eor
       4928;202001191200;    2;   2.9; 320;eor
       4928;202001191210;    2;   3.3; 320;eor
       4928;202001191220;    2;   2.8; 320;eor
       4928;202001191230;    2;   2.5; 330;eor
       4928;202001191240;    2;   2.9; 350;eor
       4928;202001191250;    2;   2.7; 360;eor
       4928;202001191300;    2;   2.9; 360;eor
       4928;202001191310;    2;   3.3; 350;eor
       4928;202001191320;    2;   2.1;  10;eor
       4928;202001191330;    2;   2.0;  10;eor
       4928;202001191340;    2;   2.3; 360;eor
       4928;202001191350;    2;   3.0; 360;eor
       4928;202001191400;    2;   2.9; 360;eor
       4928;202001191410;    2;   2.4; 340;eor
       4928;202001191420;    2;   2.4; 330;eor
       4928;202001191430;    2;   2.1; 330;eor
       4928;202001191440;    2;   2.3; 340;eor
       4928;202001191450;    2;   2.3; 350;eor
       4928;202001191500;    2;   2.1; 350;eor
       4928;202001191510;    2;   2.9; 350;eor
       4928;202001191520;    2;   2.5; 340;eor
       4928;202001191530;    2;   2.4; 350;eor
       4928;202001191540;    2;   2.6; 350;eor
       4928;202001191550;    2;   2.6; 340;eor
       4928;202001191600;    2;   2.3; 340;eor
       4928;202001191610;    2;   2.2; 340;eor
       4928;202001191620;    2;   1.7; 340;eor
       4928;202001191630;    2;   1.8; 340;eor
       4928;202001191640;    2;   1.7; 360;eor
       4928;202001191650;    2;   1.5; 350;eor
       4928;202001191700;    2;   1.7; 330;eor
       4928;202001191710;    2;   2.0; 340;eor
       4928;202001191720;    2;   1.4; 350;eor
       4928;202001191730;    2;   1.2; 360;eor
       4928;202001191740;    2;   0.8;  70;eor
       4928;202001191750;    2;   0.4;  60;eor
       4928;202001191800;    2;   1.5; 300;eor
       4928;202001191810;    2;   1.9; 300;eor
       4928;202001191820;    2;   1.9; 300;eor
       4928;202001191830;    2;   2.2; 300;eor
       4928;202001191840;    2;   1.9; 320;eor
       4928;202001191850;    2;   1.5; 300;eor
       4928;202001191900;    2;   1.2; 290;eor
       4928;202001191910;    2;   1.0; 280;eor
       4928;202001191920;    2;   0.9; 290;eor
       4928;202001191930;    2;   1.5; 300;eor
       4928;202001191940;    2;   1.4; 310;eor
       4928;202001191950;    2;   1.6; 320;eor
       4928;202001192000;    2;   1.7; 330;eor
       4928;202001192010;    2;   1.7; 320;eor
       4928;202001192020;    2;   1.5; 320;eor
       4928;202001192030;    2;   1.4; 310;eor
       4928;202001192040;    2;   1.9; 320;eor
       4928;202001192050;    2;   1.8; 320;eor
       4928;202001192100;    2;   2.3; 310;eor
       4928;202001192110;    2;   2.4; 310;eor
       4928;202001192120;    2;   2.4; 310;eor
