STATIONS_ID;MESS_DATUM;  QN;FF_10;DD_10;eor
       4928;202001080000;    2;   2.6; 180;eor
       4928;202001080010;    2;   1.9; 200;eor
       4928;202001080020;    2;   1.3; 230;eor
       4928;202001080030;    2;   1.1; 250;eor
       4928;202001080040;    2;   1.0; 320;eor
       4928;202001080050;    2;   1.0; 330;eor
       4928;202001080100;    2;   0.5; 310;eor
       4928;202001080110;    2;   0.6;  40;eor
       4928;202001080120;    2;   1.1; 130;eor
       4928;202001080130;    2;   1.7; 150;eor
       4928;202001080140;    2;   2.2; 160;eor
       4928;202001080150;    2;   2.5; 160;eor
       4928;202001080200;    2;   2.7; 160;eor
       4928;202001080210;    2;   3.0; 170;eor
       4928;202001080220;    2;   2.9; 160;eor
       4928;202001080230;    2;   2.3; 160;eor
       4928;202001080240;    2;   3.4; 170;eor
       4928;202001080250;    2;   4.4; 180;eor
       4928;202001080300;    2;   3.5; 170;eor
       4928;202001080310;    2;   2.7; 150;eor
       4928;202001080320;    2;   3.1; 160;eor
       4928;202001080330;    2;   3.2; 170;eor
       4928;202001080340;    2;   3.5; 170;eor
       4928;202001080350;    2;   4.1; 160;eor
       4928;202001080400;    2;   3.1; 150;eor
       4928;202001080410;    2;   3.5; 160;eor
       4928;202001080420;    2;   2.6; 170;eor
       4928;202001080430;    2;   1.5; 150;eor
       4928;202001080440;    2;   1.8; 150;eor
       4928;202001080450;    2;   2.3; 150;eor
       4928;202001080500;    2;   2.7; 150;eor
       4928;202001080510;    2;   3.1; 160;eor
       4928;202001080520;    2;   3.9; 170;eor
       4928;202001080530;    2;   4.5; 170;eor
       4928;202001080540;    2;   3.1; 160;eor
       4928;202001080550;    2;   3.1; 150;eor
       4928;202001080600;    2;   3.2; 150;eor
       4928;202001080610;    2;   1.8; 140;eor
       4928;202001080620;    2;   1.9; 150;eor
       4928;202001080630;    2;   2.5; 160;eor
       4928;202001080640;    2;   2.7; 160;eor
       4928;202001080650;    2;   2.0; 160;eor
       4928;202001080700;    2;   2.1; 160;eor
       4928;202001080710;    2;   2.3; 160;eor
       4928;202001080720;    2;   1.9; 150;eor
       4928;202001080730;    2;   1.9; 140;eor
       4928;202001080740;    2;   2.4; 140;eor
       4928;202001080750;    2;   3.0; 160;eor
       4928;202001080800;    2;   2.8; 160;eor
       4928;202001080810;    2;   2.8; 160;eor
       4928;202001080820;    2;   3.0; 160;eor
       4928;202001080830;    2;   2.6; 150;eor
       4928;202001080840;    2;   2.7; 150;eor
       4928;202001080850;    2;   3.6; 150;eor
       4928;202001080900;    2;   3.7; 150;eor
       4928;202001080910;    2;   3.8; 140;eor
       4928;202001080920;    2;   4.3; 150;eor
       4928;202001080930;    2;   4.5; 150;eor
       4928;202001080940;    2;   4.0; 150;eor
       4928;202001080950;    2;   2.9; 140;eor
       4928;202001081000;    2;   3.8; 140;eor
       4928;202001081010;    2;   3.7; 150;eor
       4928;202001081020;    2;   3.2; 150;eor
       4928;202001081030;    2;   2.8; 150;eor
       4928;202001081040;    2;   3.4; 130;eor
       4928;202001081050;    2;   3.3; 140;eor
       4928;202001081100;    2;   3.9; 140;eor
       4928;202001081110;    2;   3.8; 140;eor
       4928;202001081120;    2;   3.2; 140;eor
       4928;202001081130;    2;   3.4; 150;eor
       4928;202001081140;    2;   2.4; 140;eor
       4928;202001081150;    2;   2.5; 150;eor
       4928;202001081200;    2;   2.5; 150;eor
       4928;202001081210;    2;   2.9; 150;eor
       4928;202001081220;    2;   2.8; 150;eor
       4928;202001081230;    2;   2.2; 150;eor
       4928;202001081240;    2;   2.3; 140;eor
       4928;202001081250;    2;   2.4; 140;eor
       4928;202001081300;    2;   2.0; 130;eor
       4928;202001081310;    2;   1.6; 130;eor
       4928;202001081320;    2;   1.4; 130;eor
       4928;202001081330;    2;   1.3; 110;eor
       4928;202001081340;    2;   1.0;  70;eor
       4928;202001081350;    2;   1.1; 110;eor
       4928;202001081400;    2;   1.0;  90;eor
       4928;202001081410;    2;   1.1; 110;eor
       4928;202001081420;    2;   1.1; 100;eor
       4928;202001081430;    2;   1.6; 120;eor
       4928;202001081440;    2;   1.9; 130;eor
       4928;202001081450;    2;   2.1; 130;eor
       4928;202001081500;    2;   2.2; 140;eor
       4928;202001081510;    2;   1.7; 130;eor
       4928;202001081520;    2;   1.8; 130;eor
       4928;202001081530;    2;   2.2; 140;eor
       4928;202001081540;    2;   2.6; 140;eor
       4928;202001081550;    2;   2.8; 140;eor
       4928;202001081600;    2;   3.1; 140;eor
       4928;202001081610;    2;   2.0; 140;eor
       4928;202001081620;    2;   1.8; 150;eor
